Stats for training step #0
    Deducting tensor([0.0977, 0.0487], device='cuda:0', grad_fn=<MulBackward0>) from score of null-antecedent  Deducting tensor([-0.4899, -0.7099, -0.0148, -0.7501, -1.1265, -0.6523, -0.7010, -0.7873,
        -0.5167, -1.0388, -0.3867, -1.1321, -0.8580, -0.3884, -0.7356, -0.0404,
        -0.3295, -0.1666, -0.3273], device='cuda:0', grad_fn=<MulBackward0>) from scores of non-null-antecedent0	0	0.00	0.00	0.00
0	0	0.00	0.00	0.00
0	0	0.00	0.00	0.00
0	0	0.00	0.00	0.00
1	0	68.89	0.00	68.89
0	0	0.00	0.00	0.00
1	0	78.19	0.00	78.19
0	0	0.00	0.00	0.00
0	0	0.00	0.00	0.00
0	0	0.00	0.00	0.00
0	0	0.00	0.00	0.00
0	0	0.00	0.00	0.00
0	0	0.00	0.00	0.00
0	0	0.00	0.00	0.00
0	0	0.00	0.00	0.00
0	0	0.00	0.00	0.00
0	0	0.00	0.00	0.00
0	0	0.00	0.00	0.00
0	0	0.00	0.00	0.00
0	0	0.00	0.00	0.00
0	0	0.00	0.00	0.00
0	0	0.00	0.00	0.00
0	0	0.00	0.00	0.00
0	0	0.00	0.00	0.00
0	0	0.00	0.00	0.00
1	0	70.43	0.00	70.43
1	0	70.35	0.00	70.35
0	0	0.00	0.00	0.00
1	0	63.55	0.00	63.55
0	0	0.00	0.00	0.00
1	0	70.91	0.00	70.91
0	0	0.00	0.00	0.00
0	0	0.00	0.00	0.00
0	0	0.00	0.00	0.00
1	0	77.42	0.00	77.42
1	0	74.23	0.00	74.23
0	0	0.00	0.00	0.00
0	0	0.00	0.00	0.00
1	0	81.03	0.00	81.03
0	0	0.00	0.00	0.00
0	0	0.00	0.00	0.00
1	0	64.29	0.00	64.29
0	0	0.00	0.00	0.00
0	0	0.00	0.00	0.00
0	0	0.00	0.00	0.00
1	0	68.42	0.00	68.42
0	0	0.00	0.00	0.00
1	0	67.95	0.00	67.95
0	0	0.00	0.00	0.00
0	0	0.00	0.00	0.00
0	0	0.00	0.00	0.00
0	0	0.00	0.00	0.00
0	0	0.00	0.00	0.00
0	0	0.00	0.00	0.00
0	0	0.00	0.00	0.00
0	0	0.00	0.00	0.00
0	0	0.00	0.00	0.00
0	0	0.00	0.00	0.00
0	0	0.00	0.00	0.00
0	0	0.00	0.00	0.00
1	0	74.20	0.00	74.20
0	0	0.00	0.00	0.00
0	0	0.00	0.00	0.00
0	0	0.00	0.00	0.00
1	0	65.10	0.00	65.10
0	0	0.00	0.00	0.00
0	0	0.00	0.00	0.00
1	0	46.92	0.00	46.92
1	0	41.84	0.00	41.84
0	0	0.00	0.00	0.00
0	0	0.00	0.00	0.00
0	0	0.00	0.00	0.00
1	0	65.32	0.00	65.32
1	0	68.72	0.00	68.72
1	0	67.32	0.00	67.32
1	0	64.50	0.00	64.50
1	0	71.11	0.00	71.11
0	0	0.00	0.00	0.00
Stats for training step #100
    Deducting tensor([0.5196, 2.1696], device='cuda:0', grad_fn=<MulBackward0>) from score of null-antecedent  Deducting tensor([-7.8075, -2.0748, -0.8706, -2.6201, -3.6727, -2.2730, -0.7796, -3.0044,
        -2.1495], device='cuda:0', grad_fn=<MulBackward0>) from scores of non-null-antecedent0	0	0.00	0.00	0.00
0	0	0.00	0.00	0.00
0	0	0.00	0.00	0.00
0	0	0.00	0.00	0.00
0	0	0.00	0.00	0.00
0	0	0.00	0.00	0.00
1	0	13.47	0.00	13.47
0	0	0.00	0.00	0.00
0	0	0.00	0.00	0.00
0	0	0.00	0.00	0.00
0	0	0.00	0.00	0.00
0	0	0.00	0.00	0.00
0	0	0.00	0.00	0.00
0	0	0.00	0.00	0.00
0	0	0.00	0.00	0.00
0	2	0.00	-15.66	15.66
0	0	0.00	0.00	0.00
0	0	0.00	0.00	0.00
0	0	0.00	0.00	0.00
1	3	25.20	-25.34	50.54
0	0	0.00	0.00	0.00
0	0	0.00	0.00	0.00
0	0	0.00	0.00	0.00
0	0	0.00	0.00	0.00
0	0	0.00	0.00	0.00
0	0	0.00	0.00	0.00
0	0	0.00	0.00	0.00
1	0	7.40	0.00	7.40
0	0	0.00	0.00	0.00
0	0	0.00	0.00	0.00
0	0	0.00	0.00	0.00
0	0	0.00	0.00	0.00
1	0	11.53	0.00	11.53
Stats for training step #200
    Deducting tensor([0.6252, 1.1721], device='cuda:0', grad_fn=<MulBackward0>) from score of null-antecedent  Deducting tensor([-5.4174, -4.4795, -2.9156, -3.2890, -3.2183, -4.9253, -0.9641, -5.2811,
        -3.7510, -0.4143, -0.0823, -4.5523, -0.7862, -4.6782, -2.9764, -3.7506,
        -0.1526, -0.8827, -5.5395, -2.0941, -2.0487, -3.5823, -1.5059, -2.6876,
        -2.5178], device='cuda:0', grad_fn=<MulBackward0>) from scores of non-null-antecedent0	0	0.00	0.00	0.00
0	0	0.00	0.00	0.00
0	0	0.00	0.00	0.00
0	0	0.00	0.00	0.00
0	0	0.00	0.00	0.00
0	0	0.00	0.00	0.00
1	0	15.58	0.00	15.58
1	4	13.57	-15.39	28.95
0	0	0.00	0.00	0.00
0	0	0.00	0.00	0.00
0	0	0.00	0.00	0.00
0	0	0.00	0.00	0.00
0	0	0.00	0.00	0.00
0	0	0.00	0.00	0.00
0	0	0.00	0.00	0.00
0	0	0.00	0.00	0.00
0	0	0.00	0.00	0.00
0	0	0.00	0.00	0.00
0	0	0.00	0.00	0.00
0	0	0.00	0.00	0.00
0	0	0.00	0.00	0.00
0	0	0.00	0.00	0.00
0	0	0.00	0.00	0.00
0	0	0.00	0.00	0.00
0	0	0.00	0.00	0.00
0	0	0.00	0.00	0.00
0	0	0.00	0.00	0.00
0	0	0.00	0.00	0.00
0	0	0.00	0.00	0.00
0	0	0.00	0.00	0.00
0	0	0.00	0.00	0.00
0	0	0.00	0.00	0.00
0	0	0.00	0.00	0.00
0	0	0.00	0.00	0.00
0	0	0.00	0.00	0.00
1	0	4.72	0.00	4.72
0	0	0.00	0.00	0.00
0	0	0.00	0.00	0.00
0	0	0.00	0.00	0.00
0	0	0.00	0.00	0.00
0	0	0.00	0.00	0.00
0	0	0.00	0.00	0.00
0	0	0.00	0.00	0.00
0	0	0.00	0.00	0.00
0	0	0.00	0.00	0.00
0	0	0.00	0.00	0.00
0	0	0.00	0.00	0.00
0	0	0.00	0.00	0.00
0	0	0.00	0.00	0.00
0	0	0.00	0.00	0.00
0	0	0.00	0.00	0.00
0	0	0.00	0.00	0.00
0	3	0.00	-15.40	15.40
0	0	0.00	0.00	0.00
0	0	0.00	0.00	0.00
0	0	0.00	0.00	0.00
0	0	0.00	0.00	0.00
0	0	0.00	0.00	0.00
0	0	0.00	0.00	0.00
0	0	0.00	0.00	0.00
0	0	0.00	0.00	0.00
0	0	0.00	0.00	0.00
0	0	0.00	0.00	0.00
0	0	0.00	0.00	0.00
0	0	0.00	0.00	0.00
0	0	0.00	0.00	0.00
0	0	0.00	0.00	0.00
0	0	0.00	0.00	0.00
0	0	0.00	0.00	0.00
0	0	0.00	0.00	0.00
0	0	0.00	0.00	0.00
0	0	0.00	0.00	0.00
0	0	0.00	0.00	0.00
0	0	0.00	0.00	0.00
